13008157573 8700020837
13058156039 8700025224
13508241924 8600319586
13568877121 8700027139
13648068173 9000007030
13658179622 9000006008
13808009585 8600327357
13880255988 8600327548
13880468959 8600319727
13880805224 8600329049
13880819498 8600326045
13880901140 8600331904
13881098093 8700025257
13882882567 8600319677
13890877879 8600323695
13908065216 8700026743
13908095005 8600328207
13980000078 8700027154
13980603226 8600320246
13980732069 8700031982
13980785557 8700026586
13980991998 8600327449
13981006100 8600307128
13981813334 8600328629
13981922597 8600320253
13982005566 8600329031
13990903336 8600321681
15002851197 8600326102
15108282314 9000007357
15682051333 8600315816
15828276906 9000007389
15883832221 9000007113
15982766666 8600327563
18081016170 8600311674
18123113333 9000007153
18123238839 8600327134
18281338222 8600319115
18608032032 8600327829
18608107075 9000007027 
18615729805 8600317044 
18628085719 8600327886 
18628151288 8600327555 
18980058610 8600327712 