17090115590156933529630
17090419502529878675856
17090514124945891283520
17090514134759240295833
17090521405343374536204
17090609232490944950405
17090609234223360814376
17090616152380211740746
17090616162356011295297
17090712281835498981295
17090714581289677438798
17090715254357661798870
17090715260661086411994
17090810441007805634073
17090811191378886708871
17090811283465304382217
17090811480586295425561
17090812275661947786291
17090812295984883773757
17090812304645600382521
17090819071471089627274
17090819081269594721880
17090819554407614996033
17090819561771161290997
17090819564503140472016
17090819572506855292273
